<?xml version="1.0" encoding="UTF-8" standalone="no"?>
<!DOCTYPE svg PUBLIC "-//W3C//DTD SVG 20010904//EN"
              "http://www.w3.org/TR/2001/REC-SVG-20010904/DTD/svg10.dtd">

<svg xmlns="http://www.w3.org/2000/svg"
     width="3.47333in" height="0.52in"
     viewBox="0 0 1042 156">
  <path id="logoCasaMia"
        fill="none" stroke="black" stroke-width="1"
        d="M 926.25,21.38
           C 926.25,21.38 1023.38,70.00 1023.38,70.00
             1023.38,70.00 1026.75,60.50 1026.75,60.50
             1026.75,60.50 926.75,9.00 926.75,9.00
             926.75,9.00 887.38,29.12 887.38,29.12
             887.38,29.12 887.38,8.25 887.38,8.25
             887.38,8.25 850.50,26.75 850.50,26.75
             850.50,26.75 850.12,49.62 850.12,49.62
             850.12,49.62 821.12,65.12 821.12,65.12
             821.12,65.12 820.75,98.00 820.75,98.00
             820.75,98.00 805.75,98.00 805.75,98.00
             805.75,98.00 805.50,107.88 805.50,107.88
             805.50,107.88 832.38,107.50 832.38,107.50
             832.38,107.50 832.00,70.00 832.00,70.00
             832.00,70.00 862.50,53.50 862.50,53.50
             862.50,53.50 862.50,31.88 862.50,31.88
             862.50,31.88 878.62,23.75 878.62,23.75
             878.62,23.75 878.62,44.75 878.62,44.75
             878.62,44.75 926.25,21.38 926.25,21.38 Z
           M 977.00,63.88
           C 977.00,63.88 982.50,64.62 982.88,70.00
             982.62,75.25 977.00,75.88 977.00,75.88
             977.00,75.88 970.88,75.50 971.00,70.00
             970.88,64.88 977.00,63.88 977.00,63.88 Z
           M 947.00,47.88
           C 947.00,47.88 954.62,48.75 954.75,56.00
             955.00,63.25 947.00,63.88 947.00,63.88
             947.00,63.88 938.62,62.75 938.75,56.00
             938.75,49.12 947.00,47.88 947.00,47.88 Z
           M 908.00,48.25
           C 908.00,48.25 915.75,48.75 916.00,56.00
             915.88,63.00 908.00,64.12 908.00,64.12
             908.00,64.12 900.38,63.50 899.88,56.00
             900.00,49.50 908.00,48.25 908.00,48.25 Z
           M 877.00,63.75
           C 877.00,63.75 882.38,64.62 881.88,70.00
             882.12,74.25 877.00,75.25 877.00,75.25
             877.00,75.25 871.75,75.25 871.50,70.00
             871.25,64.88 877.00,63.75 877.00,63.75 Z
           M 966.17,80.04
           C 966.34,79.63 967.17,79.26 967.17,79.26
             967.17,79.26 971.88,82.75 971.88,82.75
             971.88,82.75 972.04,79.30 972.04,79.30
             972.04,79.30 975.96,79.35 976.09,79.35
             976.21,79.35 976.22,82.91 976.22,82.91
             976.22,82.91 981.38,82.00 981.38,82.00
             981.38,82.00 981.88,82.28 982.00,82.78
             982.13,83.36 981.87,84.17 981.87,84.17
             981.87,84.17 975.39,85.61 975.39,85.61
             975.39,85.61 972.91,98.70 972.91,98.70
             972.91,98.70 974.52,103.22 974.52,103.22
             974.52,103.22 974.48,104.09 974.00,104.48
             973.55,104.85 972.65,104.74 972.65,104.74
             972.65,104.74 970.75,101.00 970.75,101.00
             970.75,101.00 967.35,102.39 967.35,102.39
             967.35,102.39 966.40,102.26 966.04,101.52
             965.83,101.09 966.12,99.88 966.12,99.88
             966.12,99.88 969.96,98.52 969.96,98.52
             969.96,98.52 971.25,85.12 971.25,85.12
             971.25,85.12 966.25,81.50 966.25,81.50
             966.25,81.50 965.90,80.70 966.17,80.04 Z
           M 881.38,83.12
           C 881.38,83.12 885.38,79.38 885.38,79.38
             885.38,79.38 886.34,79.24 886.74,79.65
             887.23,80.15 887.17,81.22 887.17,81.22
             887.17,81.22 882.12,85.50 882.12,85.50
             882.12,85.50 883.12,97.00 883.12,97.00
             883.12,97.00 887.88,101.50 887.88,101.50
             887.88,101.50 888.06,102.76 887.65,103.17
             887.14,103.69 886.00,103.38 886.00,103.38
             886.00,103.38 882.38,100.00 882.38,100.00
             882.38,100.00 880.57,106.39 880.57,106.39
             880.57,106.39 878.69,107.53 878.22,106.61
             877.75,105.72 878.25,103.25 878.25,103.25
             878.25,103.25 880.25,98.00 880.25,98.00
             880.25,98.00 879.75,90.38 879.75,90.38
             879.75,90.38 878.62,86.25 878.62,86.25
             878.62,86.25 874.75,84.12 874.75,84.12
             874.75,84.12 874.23,84.09 873.39,83.87
             872.87,83.73 871.88,83.38 871.88,83.38
             871.88,83.38 872.13,81.35 872.13,81.35
             872.13,81.35 872.65,81.00 873.26,80.91
             873.89,80.83 874.62,81.00 874.62,81.00
             874.62,81.00 877.00,82.12 877.00,82.12
             877.00,82.12 876.88,79.62 876.88,79.62
             876.88,79.62 880.62,79.62 880.62,79.62
             880.62,79.62 881.38,83.12 881.38,83.12 Z
           M 900.62,73.00
           C 900.62,73.00 908.00,74.35 908.00,74.35
             908.00,74.35 908.00,70.00 908.00,70.00
             908.00,70.00 912.91,70.00 912.91,70.00
             912.91,70.00 913.25,73.50 913.12,73.50
             913.00,73.50 919.61,70.00 919.61,70.00
             919.61,70.00 921.96,70.00 921.96,70.00
             921.96,70.00 921.96,72.22 921.96,72.22
             921.96,72.22 916.62,74.75 916.62,74.75
             916.62,74.75 913.62,76.38 913.62,76.38
             913.62,76.38 916.12,94.62 916.12,94.62
             916.12,94.62 923.38,100.12 923.38,100.12
             923.38,100.12 924.12,101.50 923.87,101.91
             923.56,102.43 922.25,102.00 922.25,102.00
             922.25,102.00 916.38,98.12 916.38,98.12
             916.38,98.12 912.62,102.38 912.62,102.38
             912.62,102.38 911.77,102.94 911.22,102.61
             910.92,102.43 910.75,101.25 910.75,101.25
             910.75,101.25 914.12,96.25 914.12,96.25
             914.12,96.25 909.50,78.12 909.50,78.12
             909.50,78.12 900.75,75.62 900.75,75.62
             900.75,75.62 900.62,73.00 900.62,73.00 Z
           M 945.13,75.13
           C 945.13,75.13 951.96,74.13 951.96,74.13
             951.96,74.13 951.83,76.87 951.83,76.87
             951.83,76.87 944.25,78.00 944.25,78.00
             944.25,78.00 940.26,97.78 940.26,97.78
             940.26,97.78 942.88,102.38 942.88,102.38
             942.88,102.38 942.91,103.33 942.43,103.70
             941.86,104.14 940.75,104.00 940.75,104.00
             940.75,104.00 937.25,99.00 937.25,99.00
             937.25,99.00 934.78,101.04 934.78,101.04
             934.78,101.04 933.43,101.35 933.00,100.74
             932.43,99.92 932.75,98.12 932.75,98.12
             932.75,98.12 936.62,95.88 936.62,95.88
             936.62,95.88 939.62,77.38 939.62,77.38
             939.62,77.38 931.88,72.12 931.88,72.12
             931.88,72.12 932.38,70.00 932.38,70.00
             932.38,70.00 935.22,70.00 935.22,70.00
             935.22,70.00 940.96,74.30 940.96,74.30
             940.96,74.30 941.13,69.00 941.13,69.00
             941.13,69.00 945.04,69.09 945.04,69.09
             945.04,69.09 945.13,75.13 945.13,75.13 Z" />
</svg>
